1,n6,19,79,-11,1,2,88
2,n5,22,93,-11,1,2,88
3,m6,29,42,-11,13,2,88
4,m5,32,64,-11,13,2,88
9,n4,14,75,-13,7,2,88
10,n3,17,92,-13,7,2,88
11,n2,21,16,-13,7,2,88
12,n1,24,25,-13,7,2,88
13,m4,27,25,-13,73,2,88
14,m3,29,76,-13,73,2,88
15,m2,32,29,-13,73,2,88
16,m1,34,95,-13,73,2,88
17,n10,14,75,-9,2,88
18,n9,17,92,-9,2,88
19,n8,21,16,-9,2,88
20,n7,24,25,-9,2,88
21,m10,27,24,-9,2,88
22,m9,29,65,-9,01,2,88
23,m8,32,31,-9,02,2,88
24,m7,34,97,-9,03,2,88
25,c10,13,45,-5,9,2,35
26,c9,16,65,-6,2,2,35
27,c8,18,85,-6,2,2,35
28,c7,21,25,-6,2,2,35
29,c6,24,-6,2,2,35
30,c5,26,7,-6,2,2,35
31,c4,27,15,-3,92,2,35
32,c3,27,15,-1,22,2,35
33,p1,0,88,-13,37,2,88
34,p2,0,88,-11,57,2,88
35,p3,0,88,-9,78,2,88
36,p4,0,88,-8,01,2,88
37,p5,0,88,-6,3,2,88
38,p6,0,88,-4,52,2,88
39,p7,0,88,-2,79,2,88
40,p8,0,88,-1,04,2,88
41,p16,5,52,-1,2,88
42,p15,5,52,-2,76,2,88
43,p14,5,52,-4,51,2,88
44,p13,5,52,-6,36,2,88
45,p12,5,52,-8,08,2,88
46,p11,5,52,-9,85,2,88
47,p10,5,52,-11,62,2,88
48,p9,5,52,-13,37,2,88
49,s4,10,16,-10,56,2,42
50,s3,10,95,-10,56,2,42
51,s2,11,75,-10,56,2,42
52,s1,12,6,-10,56,2,42
53,p20,8,71,-9,18,2,88
54,p19,8,71,-10,63,2,88
55,p18,8,71,-12,09,2,88
56,p17,8,71,-13,55,2,88
57,p24,8,71,-1,04,2,88
58,p23,8,71,-2,42,2,88
59,p22,8,71,-3,81,2,88
60,p21,8,71,-5,2,2,88
61,d1,11,07,-5,28,2,88
62,d2,11,09,-3,81,2,88
63,d3,11,11,-2,38,2,88
64,d4,11,13,-0,88,2,88
65,mm2,34,81,-1,08,2,88
66,mm4,34,81,-3,2,88
67,mm6,34,81,-4,94,2,88
68,c1,33,86,-6,2,2,35
69,mm1,30,37,-1,06,2,88
70,mm3,30,37,-2,99,2,88
71,mm5,30,37,-4,9,2,88
72,c2,29,8,-6,2,2,35
